6 0.08671875 0.7828125 0.1734375 0.18671875
6 0.09140625 0.92890625 0.1828125 0.1421875
0 0.42265625 0.83203125 0.3015625 0.3359375
6 0.7515625 0.7796875 0.45703125 0.421875
6 0.77578125 0.5421875 0.17890625 0.26171875
3 0.84765625 0.3953125 0.1203125 0.12265625
0 0.753125 0.1265625 0.165625 0.2375
6 0.15390625 0.14296875 0.29609375 0.259375
0 0.3125 0.2296875 0.25078125 0.14921875
0 0.4984375 0.42890625 0.35546875 0.31796875
6 0.0578125 0.540625 0.11484375 0.259375
3 0.4203125 0.6078125 0.184375 0.09375